#### DEB TKTD A. caliginosa
#===============================================

SetPoints("DEB_IMD_prediction_1_4.out", "tab_setpoint.out", 0, nec, b, Sigma_W);

Integrate(Lsodes, 1E-10, 1E-8, 1);

########## Experiments ################################################
Simulation { # 4
    Init = 1;
    Winit=0.0124;
   OM_horse_t0=25;
   OM_soil_t0=326;
   WeightSoilCosm =10000;
    Dens = 3;
     Ci0 = 0;
    bol_degradation = 0;
    Texp=NDoses(98,
                          7.2, 10, 9.5, 8.5, 6.5, 4.5, 2.5, -1.7, -2.6, -1.8, -0.8, 1, -1.9, -2.5, -0.1, -2, 1, -0.7, -1.8, -1.3, 3.5, 9.7, 8.8, 12.5, 10.7, 8, 2.2, 3.9, 8.7, 9.2, 6.6, 8.8, 5.4, 8.8, 8.7, 7.7, 9.3, 10.8, 11.4, 10.8, 7.5, 8, 6.1, 6.4, 11.7, 13.4, 12, 10.6, 9.1, 9.6, 7.6, 8.2, 9.7, 5.3, 5.1, 6.3, 7, 5.7, 5.7, 8.8, 6.6, 5.8, 5, 5.6, 6.7, 6.3, 6.8, 8.2, 8, 7.4, 7.9, 9.1, 10.7, 11.6, 12.9, 11.6, 11.4, 13.2, 11.5, 12.5, 12.9, 11.9, 7, 6.6, 7.4, 9.2, 8.7, 10, 8.8, 8.8, 12.9, 13.8, 15.1, 17.2, 14.8, 14.7, 9.4, 11.1,
                          0, 1, 2, 3, 4, 5, 6, 7, 8, 9, 10, 11, 12, 13, 14, 15, 16, 17, 18, 19, 20, 21, 22, 23, 24, 25, 26, 27, 28, 29, 30, 31, 32, 33, 34, 35, 36, 37, 38, 39, 40, 41, 42, 43, 44, 45, 46, 47, 48, 49, 50, 51, 52, 53, 54, 55, 56, 57, 58, 59, 60, 61, 62, 63, 64, 65, 66, 67, 68, 69, 70, 71, 72, 73, 74, 75, 76, 77, 78, 79, 80, 81, 82, 83, 84, 85, 86, 90, 91, 92, 93, 94, 95, 96, 97, 98, 99, 100);
    Ce0 = 60;
    PrintStep(Weight, Reproduction, Organic_matter, Stress, Ce,0,100, 0.5);
}

End.
