#### DEB TKTD A. caliginosa
#===============================================

SetPoints("DEB_IMD_prediction_1_5.out", "tab_setpoint.out", 0, nec, b, Sigma_W);

Integrate(Lsodes, 1E-6, 1E-6, 1);

########## Experiments ################################################
Simulation { # 5
    Init = 1;
    Winit=0.0124;
   OM_horse_t0=25;
   OM_soil_t0=326;
   WeightSoilCosm =10000;
    Dens = 3;
    bol_degradation = 0;
    Texp=NDoses(198,
                          7.2, 10, 9.5, 8.5, 6.5, 4.5, 2.5, -1.7, -2.6, -1.8, -0.8, 1, -1.9, -2.5, -0.1, -2, 1, -0.7, -1.8, -1.3, 3.5, 9.7, 8.8, 12.5, 10.7, 8, 2.2, 3.9, 8.7, 9.2, 6.6, 8.8, 5.4, 8.8, 8.7, 7.7, 9.3, 10.8, 11.4, 10.8, 7.5, 8, 6.1, 6.4, 11.7, 13.4, 12, 10.6, 9.1, 9.6, 7.6, 8.2, 9.7, 5.3, 5.1, 6.3, 7, 5.7, 5.7, 8.8, 6.6, 5.8, 5, 5.6, 6.7, 6.3, 6.8, 8.2, 8, 7.4, 7.9, 9.1, 10.7, 11.6, 12.9, 11.6, 11.4, 13.2, 11.5, 12.5, 12.9, 11.9, 7, 6.6, 7.4, 9.2, 8.7, 10, 8.8, 8.8, 12.9, 13.8, 15.1, 17.2, 14.8, 14.7, 9.4, 11.1, 14.5, 16.2, 18.7, 13.9, 9.8, 8.8, 6.9, 7, 9.1, 6.1, 5.9, 6.3, 6.3, 7.1, 8.3, 10.8, 11.5, 11.9, 12.7, 13.7, 12.7, 10.7, 12, 10.1, 13.2, 13.6, 13.6, 10.8, 13.8, 17.6, 19.1, 18.6, 17.8, 14.5, 15.8, 15.4, 14.7, 14.8, 15.4, 14.9, 14.8, 15.7, 15.4, 14.8, 16.2, 17.8, 14.3, 13.5, 14.8, 13.5, 13.2, 12.5, 13.5, 15.4, 18.9, 17.4, 14.8, 15.7, 15.9, 14.9, 13.2, 12.7, 13, 16, 16.4, 14.3, 15.3, 19.1, 18.9, 17.8, 18.6, 18.8, 16.6, 18, 21.2, 23.8, 24.6, 23.6, 18.5, 18.1, 19, 17.3, 17, 16.7, 18.2, 19.5, 17.2, 16.1, 18.4, 20.4, 21.4, 19.4, 15.7, 17.4, 17.9, 19.7, 18.7, 19.6, 22.2, 25.8,
                          0, 1, 2, 3, 4, 5, 6, 7, 8, 9, 10, 11, 12, 13, 14, 15, 16, 17, 18, 19, 20, 21, 22, 23, 24, 25, 26, 27, 28, 29, 30, 31, 32, 33, 34, 35, 36, 37, 38, 39, 40, 41, 42, 43, 44, 45, 46, 47, 48, 49, 50, 51, 52, 53, 54, 55, 56, 57, 58, 59, 60, 61, 62, 63, 64, 65, 66, 67, 68, 69, 70, 71, 72, 73, 74, 75, 76, 77, 78, 79, 80, 81, 82, 83, 84, 85, 86, 90, 91, 92, 93, 94, 95, 96, 97, 98, 99, 100, 101, 102, 103, 104, 105, 106, 107, 108, 109, 110, 111, 112, 113, 114, 115, 116, 117, 118, 119, 120, 121, 122, 123, 124, 125, 126, 127, 128, 129, 130, 131, 132, 133, 134, 135, 136, 137, 138, 139, 140, 141, 142, 143, 144, 145, 146, 147, 148, 149, 150, 151, 152, 153, 154, 155, 156, 157, 158, 159, 160, 161, 162, 163, 164, 165, 166, 167, 168, 169, 170, 171, 172, 173, 174, 175, 176, 177, 178, 179, 180, 181, 182, 183, 184, 185, 186, 187, 188, 189, 190, 191, 192, 193, 194, 195, 196, 197, 198, 199, 200);
    Ce0 = 160;
    PrintStep(Weight, Reproduction, Organic_matter, Stress, Ce,0,200, 0.5);
}

End.
